[data_input.py:4)]2019-07-22 14:12:34,974>dict_keys(['data', 'target', 'target_names', 'DESCR', 'feature_names', 'filename'])
[model.py:10)]2019-07-22 14:12:34,979>[0 0 2 2 2 2 1 2 2 2 0 0 2 0 0 2 1 0 0 1 1 0 0 2 2 1 1 1 0 2 1 2 2 1 0 2 0
 0 0 1 1 0 2 1 1 2 2 1 2 1 2 1 1 0 2 2 1 0 0 1 0 1 1 1 1 1 1 1 0 1 0 0 0 1
 0 2 0 1 2 1 2 1 2 2 0 2 1 0 2 0 0 1 0 0 0 2 2 0 2 2 2 0 1 1 2 2 2 2 0 0 1
 1 0 0 1 2 2 0 1 1]
[model.py:14)]2019-07-22 14:12:34,989>[[3.61275399e-02 7.38239540e-01 2.25632920e-01]
 [4.55835734e-02 8.18807007e-01 1.35609419e-01]
 [4.59613114e-04 3.08737709e-01 6.90802677e-01]
 [6.69972966e-04 3.54231617e-01 6.45098410e-01]
 [9.99967498e-05 3.88084482e-01 6.11815521e-01]
 [8.84454240e-01 1.15517328e-01 2.84312297e-05]
 [9.02776107e-01 9.71918776e-02 3.20156375e-05]
 [7.96436376e-01 2.03493355e-01 7.02685288e-05]
 [8.30221429e-01 1.69647920e-01 1.30650779e-04]
 [9.59720946e-01 4.02717422e-02 7.31219718e-06]
 [1.70460739e-02 6.24874157e-01 3.58079769e-01]
 [9.38407707e-01 6.15776707e-02 1.46225330e-05]
 [2.93043500e-04 2.69251379e-01 7.30455578e-01]
 [2.23680260e-02 7.93916910e-01 1.83715064e-01]
 [2.92080386e-03 4.00117964e-01 5.96961232e-01]
 [3.83623238e-04 2.73782098e-01 7.25834278e-01]
 [8.77177096e-01 1.22779239e-01 4.36648895e-05]
 [1.47784076e-02 4.32075425e-01 5.53146167e-01]
 [8.32534827e-01 1.67294993e-01 1.70180662e-04]
 [8.61220713e-01 1.38729220e-01 5.00675910e-05]
 [2.54425260e-04 4.24087279e-01 5.75658296e-01]
 [1.70528749e-03 3.09797379e-01 6.88497333e-01]
 [5.75721856e-02 8.04453276e-01 1.37974538e-01]
 [8.06448659e-01 1.93354095e-01 1.97245987e-04]
 [4.51223576e-02 8.01515256e-01 1.53362386e-01]
 [1.16970553e-03 3.07814075e-01 6.91016219e-01]
 [2.78315373e-01 6.47441564e-01 7.42430628e-02]
 [6.20305103e-03 5.11538371e-01 4.82258578e-01]
 [6.13684922e-02 6.39868515e-01 2.98762992e-01]
 [9.19371479e-04 1.52729682e-01 8.46350946e-01]]
[model.py:15)]2019-07-22 14:12:35,050>logistic regression accuracy:96.67%
[model.py:16)]2019-07-22 14:12:35,050>logistic regression coef:[[ 0.41590168  1.36066366 -2.1691972  -0.93938005]
 [ 0.26960415 -1.36611161  0.66749324 -1.36539291]
 [-1.56758642 -1.38379263  2.24865201  2.35607725]], w:[ 0.2587767   0.88383868 -1.0831296 ]
[svc_data.py:10)]2019-07-22 14:12:35,065>svm accuracy:96.67%
[svc_data.py:15)]2019-07-22 14:12:35,066>dt accuracy:96.67%
[svc_data.py:16)]2019-07-22 14:12:35,067>[0.0075   0.01875  0.088772 0.884978]
[mk_dataFrame.py:8)]2019-07-22 14:12:35,068>Index(['sepal length (cm)', 'sepal width (cm)', 'petal length (cm)',
       'petal width (cm)'],
      dtype='object')
[mk_dataFrame.py:14)]2019-07-22 14:12:35,082>rf accuracy:96.67%
[mk_dataFrame.py:16)]2019-07-22 14:12:35,084>0.9666666666666667
[data_input.py:4)]2019-07-22 14:14:07,738>dict_keys(['data', 'target', 'target_names', 'DESCR', 'feature_names', 'filename'])
[model.py:10)]2019-07-22 14:14:07,747>[0 0 2 2 2 2 1 2 2 2 0 0 2 0 0 2 1 0 0 1 1 0 0 2 2 1 1 1 0 2 1 2 2 1 0 2 0
 0 0 1 1 0 2 1 1 2 2 1 2 1 2 1 1 0 2 2 1 0 0 1 0 1 1 1 1 1 1 1 0 1 0 0 0 1
 0 2 0 1 2 1 2 1 2 2 0 2 1 0 2 0 0 1 0 0 0 2 2 0 2 2 2 0 1 1 2 2 2 2 0 0 1
 1 0 0 1 2 2 0 1 1]
[model.py:15)]2019-07-22 14:14:07,751>logistic regression accuracy:96.67%
[model.py:16)]2019-07-22 14:14:07,751>logistic regression coef:[[ 0.41590168  1.36066366 -2.1691972  -0.93938005]
 [ 0.26960415 -1.36611161  0.66749324 -1.36539291]
 [-1.56758642 -1.38379263  2.24865201  2.35607725]], w:[ 0.2587767   0.88383868 -1.0831296 ]
[svc_data.py:10)]2019-07-22 14:14:07,753>svm accuracy:96.67%
[svc_data.py:15)]2019-07-22 14:14:07,754>dt accuracy:96.67%
[svc_data.py:16)]2019-07-22 14:14:07,754>[0.0075   0.03125  0.076272 0.884978]
[mk_dataFrame.py:8)]2019-07-22 14:14:07,755>Index(['sepal length (cm)', 'sepal width (cm)', 'petal length (cm)',
       'petal width (cm)'],
      dtype='object')
[mk_dataFrame.py:14)]2019-07-22 14:14:07,762>rf accuracy:96.67%
[mk_dataFrame.py:16)]2019-07-22 14:14:07,764>0.9666666666666667
[data_input.py:4)]2019-07-22 14:14:43,219>dict_keys(['data', 'target', 'target_names', 'DESCR', 'feature_names', 'filename'])
[model.py:10)]2019-07-22 14:14:43,221>[0 0 2 2 2 2 1 2 2 2 0 0 2 0 0 2 1 0 0 1 1 0 0 2 2 1 1 1 0 2 1 2 2 1 0 2 0
 0 0 1 1 0 2 1 1 2 2 1 2 1 2 1 1 0 2 2 1 0 0 1 0 1 1 1 1 1 1 1 0 1 0 0 0 1
 0 2 0 1 2 1 2 1 2 2 0 2 1 0 2 0 0 1 0 0 0 2 2 0 2 2 2 0 1 1 2 2 2 2 0 0 1
 1 0 0 1 2 2 0 1 1]
[model.py:15)]2019-07-22 14:14:43,223>logistic regression accuracy:96.67%
[model.py:16)]2019-07-22 14:14:43,224>logistic regression coef:[[ 0.41590168  1.36066366 -2.1691972  -0.93938005]
 [ 0.26960415 -1.36611161  0.66749324 -1.36539291]
 [-1.56758642 -1.38379263  2.24865201  2.35607725]], w:[ 0.2587767   0.88383868 -1.0831296 ]
[svc_data.py:10)]2019-07-22 14:14:43,226>svm accuracy:96.67%
[svc_data.py:15)]2019-07-22 14:14:43,227>dt accuracy:96.67%
[svc_data.py:16)]2019-07-22 14:14:43,227>[0.       0.01875  0.588772 0.392478]
[mk_dataFrame.py:8)]2019-07-22 14:14:43,228>Index(['sepal length (cm)', 'sepal width (cm)', 'petal length (cm)',
       'petal width (cm)'],
      dtype='object')
[mk_dataFrame.py:14)]2019-07-22 14:14:43,236>rf accuracy:96.67%
[mk_dataFrame.py:16)]2019-07-22 14:14:43,239>0.9666666666666667
[data_input.py:4)]2019-07-22 15:28:37,774>dict_keys(['data', 'target', 'target_names', 'DESCR', 'feature_names', 'filename'])
